========== Original Data ==========
[13, 12, 11, 10, 9, 8, 7, 6, 5, 4, 3, 2, 1]
                 13                              







         12              11              



     10      9       8       7       

   6   5   4   3   2   1   

========== Build Heap Recursive ==========

Final Result
[1, 3, 2, 5, 4, 8, 7, 6, 10, 12, 9, 11, 13]
                 1                               







         3               2               



     5       4       8       7       

   6   10  12  9   11  13  

========== Build Heap Iterative ==========

Final Result
[1, 3, 2, 5, 4, 8, 7, 6, 10, 12, 9, 11, 13]
                 1                               







         3               2               



     5       4       8       7       

   6   10  12  9   11  13  
