original data
[10, 15, 12, 16, 18, 24, 23, 18, 16, 20, 19, 16, 20]
==========

Delete Min
                 20                              







         15              12              



     16      18      24      23      

   18  16  20  19  16  
[20, 15, 12, 16, 18, 24, 23, 18, 16, 20, 19, 16]
Pushed Down PushDownRecursive
                 12                              







         15              20              



     16      18      24      23      

   18  16  20  19  16  
[12, 15, 20, 16, 18, 24, 23, 18, 16, 20, 19, 16]

Delete Min
                 16                              







         15              20              



     16      18      24      23      

   18  16  20  19  
[16, 15, 20, 16, 18, 24, 23, 18, 16, 20, 19]
Pushed Down PushDownIterative
                 15                              







         16              20              



     16      18      24      23      

   18  16  20  19  
[15, 16, 20, 16, 18, 24, 23, 18, 16, 20, 19]
